 -0.00293070
 -0.01267082
  0.74769128
 -1.18920671
 -1.83921277
  0.00101224
 -0.00788146
  0.30173448
 -1.24937441
 -1.39291342
  0.01483006
 -0.01682742
  0.71173376
 -1.10261879
 -1.89854511
  0.01935330
 -0.01388823
  0.33833188
 -1.31123100
 -1.52490093
  0.00014268
  0.06804333
  1.36843899
 -2.23990400
 -2.24773881
 -0.00682085
  0.09599454
  0.79955074
 -1.35230388
 -1.67929971
 -0.00958378
 -0.08955116
  0.29944200
 -1.84823115
 -1.63792095
  0.01088363
 -0.09677704
  0.31808279
 -1.27706089
 -1.65576263
  0.01156978
  0.04374568
  0.30547629
 -1.30809621
 -1.30923079
  0.00958093
  0.00646750
  0.77664060
 -1.27823946
 -1.78075529
 -0.00106409
  0.00779452
  0.30178919
 -1.24934718
 -1.39286073
  0.00272188
  0.01260157
  0.74767383
 -1.18917404
 -1.83917930
 -0.00101225
  0.00788145
  0.30173445
 -1.24937443
 -1.39291341
  0.00293071
  0.01267082
  0.74769131
 -1.18920671
 -1.83921275
 -0.01935328
  0.01388824
  0.33833191
 -1.31123098
 -1.52490095
 -0.01483006
  0.01682741
  0.71173374
 -1.10261879
 -1.89854513
  0.00682085
 -0.09599454
  0.79955075
 -1.35230388
 -1.67929971
 -0.00014268
 -0.06804333
  1.36843899
 -2.23990400
 -2.24773881
 -0.01088363
  0.09677704
  0.31808279
 -1.27706089
 -1.65576264
  0.00958378
  0.08955116
  0.29944200
 -1.84823115
 -1.63792095
 -0.00958093
 -0.00646750
  0.77664060
 -1.27823946
 -1.78075528
 -0.01156978
 -0.04374568
  0.30547629
 -1.30809621
 -1.30923079
 -0.00272188
 -0.01260157
  0.74767383
 -1.18917404
 -1.83917930
  0.00106409
 -0.00779452
  0.30178919
 -1.24934718
 -1.39286073
